00000000000000000000000
00000000000000000000000
00000000000000000000000
00000000000000000000000
00000000000000000000000
00000111100000111100000
00000100000000000100000
00000100000000000100000
00000100000000000100000
00000000000000000000000
00000000000000000000000
00000000000000000000000
00000000000000000000000
00000000000000000000000
00000100000000000100000
00000100000000000100000
00000100000000000100000
00000111100000111100000
00000000000000000000000
00000000000000000000000
00000000000000000000000
00000000000000000000000
00000000000000000000000