11110000000000000001111
11110000000000000001111
11110000000000000001111
11110000000000000001111
00000000000000000000000
00000000000000000000000
00000000000000000000000
00000000000000000000000
00000000000000000000000
00000000000000000000000
00000000000000000000000
00000000000000000000000
00000000000000000000000
00000000000000000000000
00000000000000000000000
00000000000000000000000
00000000000000000000000
00000000000000000000000
00000000000000000000000
11110000000000000001111
11110000000000000001111
11110000000000000001111
11110000000000000001111