00000000000000000000000
00000000000000000000000
00000000000000000000000
00000000000000000000000
00000000000000000000000
00000111122222111100000
00000100000000000100000
00000100000000000100000
00000100000000000100000
00000200000000000200000
00000200000000000200000
00000200000000000200000
00000200000000000200000
00000200000000000200000
00000100000000000100000
00000100000000000100000
00000100000000000100000
00000111122222111100000
00000000000000000000000
00000000000000000000000
00000000000000000000000
00000000000000000000000
00000000000000000000000