00000000000000000000000
00000000000000000000000
00000000000000000000000
00000000000000000000000
00000000000000000000000
00000000000000000000000
00000022222222222000000
00000022222222222000000
00000022000000022000000
00000022000000022000000
00000022000000022000000
00000022000000022000000
00000022000000022000000
00000022000000022000000
00000022000000022000000
00000022222222222000000
00000022222222222000000
00000000000000000000000
00000000000000000000000
00000000000000000000000
00000000000000000000000
00000000000000000000000
00000000000000000000000